{
 "cells": [
  {
   "cell_type": "markdown",
   "id": "8ba59317",
   "metadata": {},
   "source": [
    "Project: Guild line:\n",
    "- 1. pick 20 to put in portfolio\n",
    "- 2. create 3 portfolio selections\n",
    "    - a. Equally weighted\n",
    "    - b. Min variance\n",
    "    - c. Max Sharpe\n",
    "- 3. Plot Markowiz Efficient Frontier and decide you most favorite portfolio\n",
    "    "
   ]
  },
  {
   "cell_type": "code",
   "execution_count": 1,
   "id": "c75f70d0",
   "metadata": {},
   "outputs": [],
   "source": [
    "import yfinance as yf\n",
    "import numpy as np\n",
    "import pandas as pd\n",
    "import matplotlib.pyplot as plt\n",
    "from scipy.optimize import minimize\n",
    "import gurobipy as gp\n",
    "from gurobipy import GRB"
   ]
  },
  {
   "cell_type": "code",
   "execution_count": 2,
   "id": "5c7babf4",
   "metadata": {},
   "outputs": [
    {
     "name": "stdout",
     "output_type": "stream",
     "text": [
      "[*********************100%***********************]  20 of 20 completed\n"
     ]
    }
   ],
   "source": [
    "# load stock data \n",
    "stocks = ['AAPL','TWTR','META','LMT','TSLA','MSFT','OXY','BP',\n",
    " 'XOM','BAC','JPM','C','COF',\n",
    " 'F','GM','HMC','TGT','TTM','RACE',\n",
    " 'COST']\n",
    "\n",
    "\n",
    "len(stocks)\n",
    "data = yf.download(stocks, period='3mo')"
   ]
  },
  {
   "cell_type": "code",
   "execution_count": 3,
   "id": "cbe2e108",
   "metadata": {
    "scrolled": true
   },
   "outputs": [
    {
     "data": {
      "text/plain": [
       "AAPL    0\n",
       "BAC     0\n",
       "BP      0\n",
       "C       0\n",
       "COF     0\n",
       "COST    0\n",
       "F       0\n",
       "GM      0\n",
       "HMC     0\n",
       "JPM     0\n",
       "LMT     0\n",
       "META    0\n",
       "MSFT    0\n",
       "OXY     0\n",
       "RACE    0\n",
       "TGT     0\n",
       "TSLA    0\n",
       "TTM     0\n",
       "TWTR    0\n",
       "XOM     0\n",
       "dtype: int64"
      ]
     },
     "execution_count": 3,
     "metadata": {},
     "output_type": "execute_result"
    }
   ],
   "source": [
    "data['Adj Close'].isnull().sum()"
   ]
  },
  {
   "cell_type": "code",
   "execution_count": 4,
   "id": "7572e457",
   "metadata": {},
   "outputs": [
    {
     "name": "stdout",
     "output_type": "stream",
     "text": [
      "(63, 20)\n"
     ]
    },
    {
     "data": {
      "text/html": [
       "<div>\n",
       "<style scoped>\n",
       "    .dataframe tbody tr th:only-of-type {\n",
       "        vertical-align: middle;\n",
       "    }\n",
       "\n",
       "    .dataframe tbody tr th {\n",
       "        vertical-align: top;\n",
       "    }\n",
       "\n",
       "    .dataframe thead th {\n",
       "        text-align: right;\n",
       "    }\n",
       "</style>\n",
       "<table border=\"1\" class=\"dataframe\">\n",
       "  <thead>\n",
       "    <tr style=\"text-align: right;\">\n",
       "      <th></th>\n",
       "      <th>AAPL</th>\n",
       "      <th>BAC</th>\n",
       "      <th>BP</th>\n",
       "      <th>C</th>\n",
       "      <th>COF</th>\n",
       "      <th>COST</th>\n",
       "      <th>F</th>\n",
       "      <th>GM</th>\n",
       "      <th>HMC</th>\n",
       "      <th>JPM</th>\n",
       "      <th>LMT</th>\n",
       "      <th>META</th>\n",
       "      <th>MSFT</th>\n",
       "      <th>OXY</th>\n",
       "      <th>RACE</th>\n",
       "      <th>TGT</th>\n",
       "      <th>TSLA</th>\n",
       "      <th>TTM</th>\n",
       "      <th>TWTR</th>\n",
       "      <th>XOM</th>\n",
       "    </tr>\n",
       "    <tr>\n",
       "      <th>Date</th>\n",
       "      <th></th>\n",
       "      <th></th>\n",
       "      <th></th>\n",
       "      <th></th>\n",
       "      <th></th>\n",
       "      <th></th>\n",
       "      <th></th>\n",
       "      <th></th>\n",
       "      <th></th>\n",
       "      <th></th>\n",
       "      <th></th>\n",
       "      <th></th>\n",
       "      <th></th>\n",
       "      <th></th>\n",
       "      <th></th>\n",
       "      <th></th>\n",
       "      <th></th>\n",
       "      <th></th>\n",
       "      <th></th>\n",
       "      <th></th>\n",
       "    </tr>\n",
       "  </thead>\n",
       "  <tbody>\n",
       "    <tr>\n",
       "      <th>2022-07-05</th>\n",
       "      <td>0.018753</td>\n",
       "      <td>-0.010191</td>\n",
       "      <td>-0.040778</td>\n",
       "      <td>-0.005563</td>\n",
       "      <td>-0.001499</td>\n",
       "      <td>0.005133</td>\n",
       "      <td>-0.010657</td>\n",
       "      <td>0.005576</td>\n",
       "      <td>-0.025095</td>\n",
       "      <td>-0.003811</td>\n",
       "      <td>-0.043057</td>\n",
       "      <td>0.049733</td>\n",
       "      <td>0.012519</td>\n",
       "      <td>-0.022251</td>\n",
       "      <td>0.010796</td>\n",
       "      <td>0.023119</td>\n",
       "      <td>0.025215</td>\n",
       "      <td>-0.006862</td>\n",
       "      <td>0.003916</td>\n",
       "      <td>-0.031797</td>\n",
       "    </tr>\n",
       "    <tr>\n",
       "      <th>2022-07-06</th>\n",
       "      <td>0.009561</td>\n",
       "      <td>-0.008358</td>\n",
       "      <td>-0.015965</td>\n",
       "      <td>-0.009918</td>\n",
       "      <td>-0.005830</td>\n",
       "      <td>0.008951</td>\n",
       "      <td>-0.012579</td>\n",
       "      <td>-0.034573</td>\n",
       "      <td>-0.008934</td>\n",
       "      <td>-0.006503</td>\n",
       "      <td>0.025300</td>\n",
       "      <td>0.009350</td>\n",
       "      <td>0.012702</td>\n",
       "      <td>0.000000</td>\n",
       "      <td>-0.000895</td>\n",
       "      <td>-0.006196</td>\n",
       "      <td>-0.005737</td>\n",
       "      <td>0.010655</td>\n",
       "      <td>-0.004439</td>\n",
       "      <td>-0.018205</td>\n",
       "    </tr>\n",
       "    <tr>\n",
       "      <th>2022-07-07</th>\n",
       "      <td>0.023716</td>\n",
       "      <td>0.028010</td>\n",
       "      <td>0.038904</td>\n",
       "      <td>0.016760</td>\n",
       "      <td>0.026062</td>\n",
       "      <td>0.004658</td>\n",
       "      <td>0.051971</td>\n",
       "      <td>0.043492</td>\n",
       "      <td>0.028646</td>\n",
       "      <td>0.024978</td>\n",
       "      <td>-0.008726</td>\n",
       "      <td>0.014154</td>\n",
       "      <td>0.008193</td>\n",
       "      <td>0.039149</td>\n",
       "      <td>0.014436</td>\n",
       "      <td>0.034946</td>\n",
       "      <td>0.053805</td>\n",
       "      <td>0.047311</td>\n",
       "      <td>0.015065</td>\n",
       "      <td>0.031441</td>\n",
       "    </tr>\n",
       "    <tr>\n",
       "      <th>2022-07-08</th>\n",
       "      <td>0.004704</td>\n",
       "      <td>-0.002199</td>\n",
       "      <td>0.002158</td>\n",
       "      <td>-0.002347</td>\n",
       "      <td>-0.002115</td>\n",
       "      <td>0.013227</td>\n",
       "      <td>-0.002578</td>\n",
       "      <td>-0.010774</td>\n",
       "      <td>0.003317</td>\n",
       "      <td>-0.003143</td>\n",
       "      <td>-0.004368</td>\n",
       "      <td>-0.007637</td>\n",
       "      <td>-0.002761</td>\n",
       "      <td>-0.013100</td>\n",
       "      <td>0.005489</td>\n",
       "      <td>-0.013224</td>\n",
       "      <td>0.025117</td>\n",
       "      <td>0.007194</td>\n",
       "      <td>-0.052393</td>\n",
       "      <td>0.001628</td>\n",
       "    </tr>\n",
       "    <tr>\n",
       "      <th>2022-07-11</th>\n",
       "      <td>-0.014868</td>\n",
       "      <td>-0.010435</td>\n",
       "      <td>-0.013744</td>\n",
       "      <td>-0.013547</td>\n",
       "      <td>-0.013347</td>\n",
       "      <td>-0.005278</td>\n",
       "      <td>-0.028810</td>\n",
       "      <td>-0.045592</td>\n",
       "      <td>-0.009983</td>\n",
       "      <td>-0.013203</td>\n",
       "      <td>-0.003050</td>\n",
       "      <td>-0.047948</td>\n",
       "      <td>-0.011839</td>\n",
       "      <td>-0.019137</td>\n",
       "      <td>-0.015353</td>\n",
       "      <td>-0.010870</td>\n",
       "      <td>-0.067722</td>\n",
       "      <td>-0.023206</td>\n",
       "      <td>-0.119925</td>\n",
       "      <td>-0.005125</td>\n",
       "    </tr>\n",
       "  </tbody>\n",
       "</table>\n",
       "</div>"
      ],
      "text/plain": [
       "                AAPL       BAC        BP         C       COF      COST  \\\n",
       "Date                                                                     \n",
       "2022-07-05  0.018753 -0.010191 -0.040778 -0.005563 -0.001499  0.005133   \n",
       "2022-07-06  0.009561 -0.008358 -0.015965 -0.009918 -0.005830  0.008951   \n",
       "2022-07-07  0.023716  0.028010  0.038904  0.016760  0.026062  0.004658   \n",
       "2022-07-08  0.004704 -0.002199  0.002158 -0.002347 -0.002115  0.013227   \n",
       "2022-07-11 -0.014868 -0.010435 -0.013744 -0.013547 -0.013347 -0.005278   \n",
       "\n",
       "                   F        GM       HMC       JPM       LMT      META  \\\n",
       "Date                                                                     \n",
       "2022-07-05 -0.010657  0.005576 -0.025095 -0.003811 -0.043057  0.049733   \n",
       "2022-07-06 -0.012579 -0.034573 -0.008934 -0.006503  0.025300  0.009350   \n",
       "2022-07-07  0.051971  0.043492  0.028646  0.024978 -0.008726  0.014154   \n",
       "2022-07-08 -0.002578 -0.010774  0.003317 -0.003143 -0.004368 -0.007637   \n",
       "2022-07-11 -0.028810 -0.045592 -0.009983 -0.013203 -0.003050 -0.047948   \n",
       "\n",
       "                MSFT       OXY      RACE       TGT      TSLA       TTM  \\\n",
       "Date                                                                     \n",
       "2022-07-05  0.012519 -0.022251  0.010796  0.023119  0.025215 -0.006862   \n",
       "2022-07-06  0.012702  0.000000 -0.000895 -0.006196 -0.005737  0.010655   \n",
       "2022-07-07  0.008193  0.039149  0.014436  0.034946  0.053805  0.047311   \n",
       "2022-07-08 -0.002761 -0.013100  0.005489 -0.013224  0.025117  0.007194   \n",
       "2022-07-11 -0.011839 -0.019137 -0.015353 -0.010870 -0.067722 -0.023206   \n",
       "\n",
       "                TWTR       XOM  \n",
       "Date                            \n",
       "2022-07-05  0.003916 -0.031797  \n",
       "2022-07-06 -0.004439 -0.018205  \n",
       "2022-07-07  0.015065  0.031441  \n",
       "2022-07-08 -0.052393  0.001628  \n",
       "2022-07-11 -0.119925 -0.005125  "
      ]
     },
     "execution_count": 4,
     "metadata": {},
     "output_type": "execute_result"
    }
   ],
   "source": [
    "# calcuate the stock's log return\n",
    "returns = data['Adj Close']/data['Adj Close'].shift(1)\n",
    "\n",
    "log_ret = np.log(returns.iloc[1:])\n",
    "\n",
    "print(log_ret.shape)\n",
    "log_ret.head()"
   ]
  },
  {
   "cell_type": "code",
   "execution_count": 5,
   "id": "65b249eb",
   "metadata": {
    "scrolled": true
   },
   "outputs": [
    {
     "data": {
      "text/html": [
       "<div>\n",
       "<style scoped>\n",
       "    .dataframe tbody tr th:only-of-type {\n",
       "        vertical-align: middle;\n",
       "    }\n",
       "\n",
       "    .dataframe tbody tr th {\n",
       "        vertical-align: top;\n",
       "    }\n",
       "\n",
       "    .dataframe thead th {\n",
       "        text-align: right;\n",
       "    }\n",
       "</style>\n",
       "<table border=\"1\" class=\"dataframe\">\n",
       "  <thead>\n",
       "    <tr style=\"text-align: right;\">\n",
       "      <th></th>\n",
       "      <th>AAPL</th>\n",
       "      <th>BAC</th>\n",
       "      <th>BP</th>\n",
       "      <th>C</th>\n",
       "      <th>COF</th>\n",
       "      <th>COST</th>\n",
       "      <th>F</th>\n",
       "      <th>GM</th>\n",
       "      <th>HMC</th>\n",
       "      <th>JPM</th>\n",
       "      <th>LMT</th>\n",
       "      <th>META</th>\n",
       "      <th>MSFT</th>\n",
       "      <th>OXY</th>\n",
       "      <th>RACE</th>\n",
       "      <th>TGT</th>\n",
       "      <th>TSLA</th>\n",
       "      <th>TTM</th>\n",
       "      <th>TWTR</th>\n",
       "      <th>XOM</th>\n",
       "    </tr>\n",
       "  </thead>\n",
       "  <tbody>\n",
       "    <tr>\n",
       "      <th>AAPL</th>\n",
       "      <td>0.000376</td>\n",
       "      <td>0.000191</td>\n",
       "      <td>0.000098</td>\n",
       "      <td>0.000201</td>\n",
       "      <td>0.000257</td>\n",
       "      <td>0.000213</td>\n",
       "      <td>0.000297</td>\n",
       "      <td>0.000319</td>\n",
       "      <td>0.000168</td>\n",
       "      <td>0.000172</td>\n",
       "      <td>0.000096</td>\n",
       "      <td>0.000370</td>\n",
       "      <td>0.000268</td>\n",
       "      <td>0.000070</td>\n",
       "      <td>0.000227</td>\n",
       "      <td>0.000228</td>\n",
       "      <td>0.000401</td>\n",
       "      <td>0.000199</td>\n",
       "      <td>0.000098</td>\n",
       "      <td>0.000099</td>\n",
       "    </tr>\n",
       "    <tr>\n",
       "      <th>BAC</th>\n",
       "      <td>0.000191</td>\n",
       "      <td>0.000354</td>\n",
       "      <td>0.000191</td>\n",
       "      <td>0.000385</td>\n",
       "      <td>0.000359</td>\n",
       "      <td>0.000136</td>\n",
       "      <td>0.000359</td>\n",
       "      <td>0.000325</td>\n",
       "      <td>0.000191</td>\n",
       "      <td>0.000296</td>\n",
       "      <td>0.000069</td>\n",
       "      <td>0.000353</td>\n",
       "      <td>0.000184</td>\n",
       "      <td>0.000159</td>\n",
       "      <td>0.000177</td>\n",
       "      <td>0.000246</td>\n",
       "      <td>0.000226</td>\n",
       "      <td>0.000196</td>\n",
       "      <td>0.000151</td>\n",
       "      <td>0.000161</td>\n",
       "    </tr>\n",
       "    <tr>\n",
       "      <th>BP</th>\n",
       "      <td>0.000098</td>\n",
       "      <td>0.000191</td>\n",
       "      <td>0.000475</td>\n",
       "      <td>0.000227</td>\n",
       "      <td>0.000227</td>\n",
       "      <td>0.000069</td>\n",
       "      <td>0.000222</td>\n",
       "      <td>0.000234</td>\n",
       "      <td>0.000148</td>\n",
       "      <td>0.000156</td>\n",
       "      <td>0.000084</td>\n",
       "      <td>0.000202</td>\n",
       "      <td>0.000117</td>\n",
       "      <td>0.000415</td>\n",
       "      <td>0.000120</td>\n",
       "      <td>0.000085</td>\n",
       "      <td>0.000169</td>\n",
       "      <td>0.000134</td>\n",
       "      <td>0.000053</td>\n",
       "      <td>0.000387</td>\n",
       "    </tr>\n",
       "    <tr>\n",
       "      <th>C</th>\n",
       "      <td>0.000201</td>\n",
       "      <td>0.000385</td>\n",
       "      <td>0.000227</td>\n",
       "      <td>0.000512</td>\n",
       "      <td>0.000388</td>\n",
       "      <td>0.000160</td>\n",
       "      <td>0.000416</td>\n",
       "      <td>0.000373</td>\n",
       "      <td>0.000215</td>\n",
       "      <td>0.000317</td>\n",
       "      <td>0.000068</td>\n",
       "      <td>0.000432</td>\n",
       "      <td>0.000210</td>\n",
       "      <td>0.000200</td>\n",
       "      <td>0.000215</td>\n",
       "      <td>0.000246</td>\n",
       "      <td>0.000229</td>\n",
       "      <td>0.000228</td>\n",
       "      <td>0.000186</td>\n",
       "      <td>0.000189</td>\n",
       "    </tr>\n",
       "    <tr>\n",
       "      <th>COF</th>\n",
       "      <td>0.000257</td>\n",
       "      <td>0.000359</td>\n",
       "      <td>0.000227</td>\n",
       "      <td>0.000388</td>\n",
       "      <td>0.000563</td>\n",
       "      <td>0.000198</td>\n",
       "      <td>0.000468</td>\n",
       "      <td>0.000409</td>\n",
       "      <td>0.000247</td>\n",
       "      <td>0.000300</td>\n",
       "      <td>0.000068</td>\n",
       "      <td>0.000564</td>\n",
       "      <td>0.000261</td>\n",
       "      <td>0.000271</td>\n",
       "      <td>0.000256</td>\n",
       "      <td>0.000372</td>\n",
       "      <td>0.000332</td>\n",
       "      <td>0.000257</td>\n",
       "      <td>0.000155</td>\n",
       "      <td>0.000221</td>\n",
       "    </tr>\n",
       "    <tr>\n",
       "      <th>COST</th>\n",
       "      <td>0.000213</td>\n",
       "      <td>0.000136</td>\n",
       "      <td>0.000069</td>\n",
       "      <td>0.000160</td>\n",
       "      <td>0.000198</td>\n",
       "      <td>0.000280</td>\n",
       "      <td>0.000281</td>\n",
       "      <td>0.000253</td>\n",
       "      <td>0.000117</td>\n",
       "      <td>0.000121</td>\n",
       "      <td>0.000080</td>\n",
       "      <td>0.000246</td>\n",
       "      <td>0.000223</td>\n",
       "      <td>0.000079</td>\n",
       "      <td>0.000189</td>\n",
       "      <td>0.000220</td>\n",
       "      <td>0.000304</td>\n",
       "      <td>0.000168</td>\n",
       "      <td>0.000063</td>\n",
       "      <td>0.000078</td>\n",
       "    </tr>\n",
       "    <tr>\n",
       "      <th>F</th>\n",
       "      <td>0.000297</td>\n",
       "      <td>0.000359</td>\n",
       "      <td>0.000222</td>\n",
       "      <td>0.000416</td>\n",
       "      <td>0.000468</td>\n",
       "      <td>0.000281</td>\n",
       "      <td>0.000994</td>\n",
       "      <td>0.000705</td>\n",
       "      <td>0.000348</td>\n",
       "      <td>0.000321</td>\n",
       "      <td>0.000117</td>\n",
       "      <td>0.000488</td>\n",
       "      <td>0.000300</td>\n",
       "      <td>0.000243</td>\n",
       "      <td>0.000387</td>\n",
       "      <td>0.000476</td>\n",
       "      <td>0.000534</td>\n",
       "      <td>0.000397</td>\n",
       "      <td>0.000240</td>\n",
       "      <td>0.000241</td>\n",
       "    </tr>\n",
       "    <tr>\n",
       "      <th>GM</th>\n",
       "      <td>0.000319</td>\n",
       "      <td>0.000325</td>\n",
       "      <td>0.000234</td>\n",
       "      <td>0.000373</td>\n",
       "      <td>0.000409</td>\n",
       "      <td>0.000253</td>\n",
       "      <td>0.000705</td>\n",
       "      <td>0.000704</td>\n",
       "      <td>0.000316</td>\n",
       "      <td>0.000291</td>\n",
       "      <td>0.000088</td>\n",
       "      <td>0.000484</td>\n",
       "      <td>0.000268</td>\n",
       "      <td>0.000285</td>\n",
       "      <td>0.000314</td>\n",
       "      <td>0.000359</td>\n",
       "      <td>0.000505</td>\n",
       "      <td>0.000297</td>\n",
       "      <td>0.000302</td>\n",
       "      <td>0.000226</td>\n",
       "    </tr>\n",
       "    <tr>\n",
       "      <th>HMC</th>\n",
       "      <td>0.000168</td>\n",
       "      <td>0.000191</td>\n",
       "      <td>0.000148</td>\n",
       "      <td>0.000215</td>\n",
       "      <td>0.000247</td>\n",
       "      <td>0.000117</td>\n",
       "      <td>0.000348</td>\n",
       "      <td>0.000316</td>\n",
       "      <td>0.000306</td>\n",
       "      <td>0.000160</td>\n",
       "      <td>0.000070</td>\n",
       "      <td>0.000257</td>\n",
       "      <td>0.000146</td>\n",
       "      <td>0.000188</td>\n",
       "      <td>0.000185</td>\n",
       "      <td>0.000176</td>\n",
       "      <td>0.000242</td>\n",
       "      <td>0.000245</td>\n",
       "      <td>0.000130</td>\n",
       "      <td>0.000163</td>\n",
       "    </tr>\n",
       "    <tr>\n",
       "      <th>JPM</th>\n",
       "      <td>0.000172</td>\n",
       "      <td>0.000296</td>\n",
       "      <td>0.000156</td>\n",
       "      <td>0.000317</td>\n",
       "      <td>0.000300</td>\n",
       "      <td>0.000121</td>\n",
       "      <td>0.000321</td>\n",
       "      <td>0.000291</td>\n",
       "      <td>0.000160</td>\n",
       "      <td>0.000278</td>\n",
       "      <td>0.000067</td>\n",
       "      <td>0.000325</td>\n",
       "      <td>0.000170</td>\n",
       "      <td>0.000113</td>\n",
       "      <td>0.000160</td>\n",
       "      <td>0.000230</td>\n",
       "      <td>0.000202</td>\n",
       "      <td>0.000163</td>\n",
       "      <td>0.000161</td>\n",
       "      <td>0.000139</td>\n",
       "    </tr>\n",
       "    <tr>\n",
       "      <th>LMT</th>\n",
       "      <td>0.000096</td>\n",
       "      <td>0.000069</td>\n",
       "      <td>0.000084</td>\n",
       "      <td>0.000068</td>\n",
       "      <td>0.000068</td>\n",
       "      <td>0.000080</td>\n",
       "      <td>0.000117</td>\n",
       "      <td>0.000088</td>\n",
       "      <td>0.000070</td>\n",
       "      <td>0.000067</td>\n",
       "      <td>0.000165</td>\n",
       "      <td>0.000076</td>\n",
       "      <td>0.000099</td>\n",
       "      <td>0.000093</td>\n",
       "      <td>0.000061</td>\n",
       "      <td>0.000066</td>\n",
       "      <td>0.000115</td>\n",
       "      <td>0.000093</td>\n",
       "      <td>0.000002</td>\n",
       "      <td>0.000077</td>\n",
       "    </tr>\n",
       "    <tr>\n",
       "      <th>META</th>\n",
       "      <td>0.000370</td>\n",
       "      <td>0.000353</td>\n",
       "      <td>0.000202</td>\n",
       "      <td>0.000432</td>\n",
       "      <td>0.000564</td>\n",
       "      <td>0.000246</td>\n",
       "      <td>0.000488</td>\n",
       "      <td>0.000484</td>\n",
       "      <td>0.000257</td>\n",
       "      <td>0.000325</td>\n",
       "      <td>0.000076</td>\n",
       "      <td>0.001021</td>\n",
       "      <td>0.000397</td>\n",
       "      <td>0.000103</td>\n",
       "      <td>0.000303</td>\n",
       "      <td>0.000418</td>\n",
       "      <td>0.000498</td>\n",
       "      <td>0.000325</td>\n",
       "      <td>0.000267</td>\n",
       "      <td>0.000117</td>\n",
       "    </tr>\n",
       "    <tr>\n",
       "      <th>MSFT</th>\n",
       "      <td>0.000268</td>\n",
       "      <td>0.000184</td>\n",
       "      <td>0.000117</td>\n",
       "      <td>0.000210</td>\n",
       "      <td>0.000261</td>\n",
       "      <td>0.000223</td>\n",
       "      <td>0.000300</td>\n",
       "      <td>0.000268</td>\n",
       "      <td>0.000146</td>\n",
       "      <td>0.000170</td>\n",
       "      <td>0.000099</td>\n",
       "      <td>0.000397</td>\n",
       "      <td>0.000342</td>\n",
       "      <td>0.000118</td>\n",
       "      <td>0.000227</td>\n",
       "      <td>0.000258</td>\n",
       "      <td>0.000335</td>\n",
       "      <td>0.000167</td>\n",
       "      <td>0.000102</td>\n",
       "      <td>0.000115</td>\n",
       "    </tr>\n",
       "    <tr>\n",
       "      <th>OXY</th>\n",
       "      <td>0.000070</td>\n",
       "      <td>0.000159</td>\n",
       "      <td>0.000415</td>\n",
       "      <td>0.000200</td>\n",
       "      <td>0.000271</td>\n",
       "      <td>0.000079</td>\n",
       "      <td>0.000243</td>\n",
       "      <td>0.000285</td>\n",
       "      <td>0.000188</td>\n",
       "      <td>0.000113</td>\n",
       "      <td>0.000093</td>\n",
       "      <td>0.000103</td>\n",
       "      <td>0.000118</td>\n",
       "      <td>0.000948</td>\n",
       "      <td>0.000121</td>\n",
       "      <td>0.000061</td>\n",
       "      <td>0.000105</td>\n",
       "      <td>0.000127</td>\n",
       "      <td>0.000044</td>\n",
       "      <td>0.000532</td>\n",
       "    </tr>\n",
       "    <tr>\n",
       "      <th>RACE</th>\n",
       "      <td>0.000227</td>\n",
       "      <td>0.000177</td>\n",
       "      <td>0.000120</td>\n",
       "      <td>0.000215</td>\n",
       "      <td>0.000256</td>\n",
       "      <td>0.000189</td>\n",
       "      <td>0.000387</td>\n",
       "      <td>0.000314</td>\n",
       "      <td>0.000185</td>\n",
       "      <td>0.000160</td>\n",
       "      <td>0.000061</td>\n",
       "      <td>0.000303</td>\n",
       "      <td>0.000227</td>\n",
       "      <td>0.000121</td>\n",
       "      <td>0.000304</td>\n",
       "      <td>0.000247</td>\n",
       "      <td>0.000391</td>\n",
       "      <td>0.000220</td>\n",
       "      <td>0.000131</td>\n",
       "      <td>0.000128</td>\n",
       "    </tr>\n",
       "    <tr>\n",
       "      <th>TGT</th>\n",
       "      <td>0.000228</td>\n",
       "      <td>0.000246</td>\n",
       "      <td>0.000085</td>\n",
       "      <td>0.000246</td>\n",
       "      <td>0.000372</td>\n",
       "      <td>0.000220</td>\n",
       "      <td>0.000476</td>\n",
       "      <td>0.000359</td>\n",
       "      <td>0.000176</td>\n",
       "      <td>0.000230</td>\n",
       "      <td>0.000066</td>\n",
       "      <td>0.000418</td>\n",
       "      <td>0.000258</td>\n",
       "      <td>0.000061</td>\n",
       "      <td>0.000247</td>\n",
       "      <td>0.000468</td>\n",
       "      <td>0.000374</td>\n",
       "      <td>0.000271</td>\n",
       "      <td>0.000177</td>\n",
       "      <td>0.000093</td>\n",
       "    </tr>\n",
       "    <tr>\n",
       "      <th>TSLA</th>\n",
       "      <td>0.000401</td>\n",
       "      <td>0.000226</td>\n",
       "      <td>0.000169</td>\n",
       "      <td>0.000229</td>\n",
       "      <td>0.000332</td>\n",
       "      <td>0.000304</td>\n",
       "      <td>0.000534</td>\n",
       "      <td>0.000505</td>\n",
       "      <td>0.000242</td>\n",
       "      <td>0.000202</td>\n",
       "      <td>0.000115</td>\n",
       "      <td>0.000498</td>\n",
       "      <td>0.000335</td>\n",
       "      <td>0.000105</td>\n",
       "      <td>0.000391</td>\n",
       "      <td>0.000374</td>\n",
       "      <td>0.000951</td>\n",
       "      <td>0.000357</td>\n",
       "      <td>0.000244</td>\n",
       "      <td>0.000157</td>\n",
       "    </tr>\n",
       "    <tr>\n",
       "      <th>TTM</th>\n",
       "      <td>0.000199</td>\n",
       "      <td>0.000196</td>\n",
       "      <td>0.000134</td>\n",
       "      <td>0.000228</td>\n",
       "      <td>0.000257</td>\n",
       "      <td>0.000168</td>\n",
       "      <td>0.000397</td>\n",
       "      <td>0.000297</td>\n",
       "      <td>0.000245</td>\n",
       "      <td>0.000163</td>\n",
       "      <td>0.000093</td>\n",
       "      <td>0.000325</td>\n",
       "      <td>0.000167</td>\n",
       "      <td>0.000127</td>\n",
       "      <td>0.000220</td>\n",
       "      <td>0.000271</td>\n",
       "      <td>0.000357</td>\n",
       "      <td>0.000515</td>\n",
       "      <td>0.000093</td>\n",
       "      <td>0.000119</td>\n",
       "    </tr>\n",
       "    <tr>\n",
       "      <th>TWTR</th>\n",
       "      <td>0.000098</td>\n",
       "      <td>0.000151</td>\n",
       "      <td>0.000053</td>\n",
       "      <td>0.000186</td>\n",
       "      <td>0.000155</td>\n",
       "      <td>0.000063</td>\n",
       "      <td>0.000240</td>\n",
       "      <td>0.000302</td>\n",
       "      <td>0.000130</td>\n",
       "      <td>0.000161</td>\n",
       "      <td>0.000002</td>\n",
       "      <td>0.000267</td>\n",
       "      <td>0.000102</td>\n",
       "      <td>0.000044</td>\n",
       "      <td>0.000131</td>\n",
       "      <td>0.000177</td>\n",
       "      <td>0.000244</td>\n",
       "      <td>0.000093</td>\n",
       "      <td>0.000756</td>\n",
       "      <td>0.000038</td>\n",
       "    </tr>\n",
       "    <tr>\n",
       "      <th>XOM</th>\n",
       "      <td>0.000099</td>\n",
       "      <td>0.000161</td>\n",
       "      <td>0.000387</td>\n",
       "      <td>0.000189</td>\n",
       "      <td>0.000221</td>\n",
       "      <td>0.000078</td>\n",
       "      <td>0.000241</td>\n",
       "      <td>0.000226</td>\n",
       "      <td>0.000163</td>\n",
       "      <td>0.000139</td>\n",
       "      <td>0.000077</td>\n",
       "      <td>0.000117</td>\n",
       "      <td>0.000115</td>\n",
       "      <td>0.000532</td>\n",
       "      <td>0.000128</td>\n",
       "      <td>0.000093</td>\n",
       "      <td>0.000157</td>\n",
       "      <td>0.000119</td>\n",
       "      <td>0.000038</td>\n",
       "      <td>0.000450</td>\n",
       "    </tr>\n",
       "  </tbody>\n",
       "</table>\n",
       "</div>"
      ],
      "text/plain": [
       "          AAPL       BAC        BP         C       COF      COST         F  \\\n",
       "AAPL  0.000376  0.000191  0.000098  0.000201  0.000257  0.000213  0.000297   \n",
       "BAC   0.000191  0.000354  0.000191  0.000385  0.000359  0.000136  0.000359   \n",
       "BP    0.000098  0.000191  0.000475  0.000227  0.000227  0.000069  0.000222   \n",
       "C     0.000201  0.000385  0.000227  0.000512  0.000388  0.000160  0.000416   \n",
       "COF   0.000257  0.000359  0.000227  0.000388  0.000563  0.000198  0.000468   \n",
       "COST  0.000213  0.000136  0.000069  0.000160  0.000198  0.000280  0.000281   \n",
       "F     0.000297  0.000359  0.000222  0.000416  0.000468  0.000281  0.000994   \n",
       "GM    0.000319  0.000325  0.000234  0.000373  0.000409  0.000253  0.000705   \n",
       "HMC   0.000168  0.000191  0.000148  0.000215  0.000247  0.000117  0.000348   \n",
       "JPM   0.000172  0.000296  0.000156  0.000317  0.000300  0.000121  0.000321   \n",
       "LMT   0.000096  0.000069  0.000084  0.000068  0.000068  0.000080  0.000117   \n",
       "META  0.000370  0.000353  0.000202  0.000432  0.000564  0.000246  0.000488   \n",
       "MSFT  0.000268  0.000184  0.000117  0.000210  0.000261  0.000223  0.000300   \n",
       "OXY   0.000070  0.000159  0.000415  0.000200  0.000271  0.000079  0.000243   \n",
       "RACE  0.000227  0.000177  0.000120  0.000215  0.000256  0.000189  0.000387   \n",
       "TGT   0.000228  0.000246  0.000085  0.000246  0.000372  0.000220  0.000476   \n",
       "TSLA  0.000401  0.000226  0.000169  0.000229  0.000332  0.000304  0.000534   \n",
       "TTM   0.000199  0.000196  0.000134  0.000228  0.000257  0.000168  0.000397   \n",
       "TWTR  0.000098  0.000151  0.000053  0.000186  0.000155  0.000063  0.000240   \n",
       "XOM   0.000099  0.000161  0.000387  0.000189  0.000221  0.000078  0.000241   \n",
       "\n",
       "            GM       HMC       JPM       LMT      META      MSFT       OXY  \\\n",
       "AAPL  0.000319  0.000168  0.000172  0.000096  0.000370  0.000268  0.000070   \n",
       "BAC   0.000325  0.000191  0.000296  0.000069  0.000353  0.000184  0.000159   \n",
       "BP    0.000234  0.000148  0.000156  0.000084  0.000202  0.000117  0.000415   \n",
       "C     0.000373  0.000215  0.000317  0.000068  0.000432  0.000210  0.000200   \n",
       "COF   0.000409  0.000247  0.000300  0.000068  0.000564  0.000261  0.000271   \n",
       "COST  0.000253  0.000117  0.000121  0.000080  0.000246  0.000223  0.000079   \n",
       "F     0.000705  0.000348  0.000321  0.000117  0.000488  0.000300  0.000243   \n",
       "GM    0.000704  0.000316  0.000291  0.000088  0.000484  0.000268  0.000285   \n",
       "HMC   0.000316  0.000306  0.000160  0.000070  0.000257  0.000146  0.000188   \n",
       "JPM   0.000291  0.000160  0.000278  0.000067  0.000325  0.000170  0.000113   \n",
       "LMT   0.000088  0.000070  0.000067  0.000165  0.000076  0.000099  0.000093   \n",
       "META  0.000484  0.000257  0.000325  0.000076  0.001021  0.000397  0.000103   \n",
       "MSFT  0.000268  0.000146  0.000170  0.000099  0.000397  0.000342  0.000118   \n",
       "OXY   0.000285  0.000188  0.000113  0.000093  0.000103  0.000118  0.000948   \n",
       "RACE  0.000314  0.000185  0.000160  0.000061  0.000303  0.000227  0.000121   \n",
       "TGT   0.000359  0.000176  0.000230  0.000066  0.000418  0.000258  0.000061   \n",
       "TSLA  0.000505  0.000242  0.000202  0.000115  0.000498  0.000335  0.000105   \n",
       "TTM   0.000297  0.000245  0.000163  0.000093  0.000325  0.000167  0.000127   \n",
       "TWTR  0.000302  0.000130  0.000161  0.000002  0.000267  0.000102  0.000044   \n",
       "XOM   0.000226  0.000163  0.000139  0.000077  0.000117  0.000115  0.000532   \n",
       "\n",
       "          RACE       TGT      TSLA       TTM      TWTR       XOM  \n",
       "AAPL  0.000227  0.000228  0.000401  0.000199  0.000098  0.000099  \n",
       "BAC   0.000177  0.000246  0.000226  0.000196  0.000151  0.000161  \n",
       "BP    0.000120  0.000085  0.000169  0.000134  0.000053  0.000387  \n",
       "C     0.000215  0.000246  0.000229  0.000228  0.000186  0.000189  \n",
       "COF   0.000256  0.000372  0.000332  0.000257  0.000155  0.000221  \n",
       "COST  0.000189  0.000220  0.000304  0.000168  0.000063  0.000078  \n",
       "F     0.000387  0.000476  0.000534  0.000397  0.000240  0.000241  \n",
       "GM    0.000314  0.000359  0.000505  0.000297  0.000302  0.000226  \n",
       "HMC   0.000185  0.000176  0.000242  0.000245  0.000130  0.000163  \n",
       "JPM   0.000160  0.000230  0.000202  0.000163  0.000161  0.000139  \n",
       "LMT   0.000061  0.000066  0.000115  0.000093  0.000002  0.000077  \n",
       "META  0.000303  0.000418  0.000498  0.000325  0.000267  0.000117  \n",
       "MSFT  0.000227  0.000258  0.000335  0.000167  0.000102  0.000115  \n",
       "OXY   0.000121  0.000061  0.000105  0.000127  0.000044  0.000532  \n",
       "RACE  0.000304  0.000247  0.000391  0.000220  0.000131  0.000128  \n",
       "TGT   0.000247  0.000468  0.000374  0.000271  0.000177  0.000093  \n",
       "TSLA  0.000391  0.000374  0.000951  0.000357  0.000244  0.000157  \n",
       "TTM   0.000220  0.000271  0.000357  0.000515  0.000093  0.000119  \n",
       "TWTR  0.000131  0.000177  0.000244  0.000093  0.000756  0.000038  \n",
       "XOM   0.000128  0.000093  0.000157  0.000119  0.000038  0.000450  "
      ]
     },
     "execution_count": 5,
     "metadata": {},
     "output_type": "execute_result"
    }
   ],
   "source": [
    "# calculate co-variance matrix use log return of stock\n",
    "sigma = log_ret.cov()\n",
    "\n",
    "sigma"
   ]
  },
  {
   "cell_type": "code",
   "execution_count": 6,
   "id": "b2e7f419",
   "metadata": {
    "scrolled": true
   },
   "outputs": [
    {
     "data": {
      "text/html": [
       "<div>\n",
       "<style scoped>\n",
       "    .dataframe tbody tr th:only-of-type {\n",
       "        vertical-align: middle;\n",
       "    }\n",
       "\n",
       "    .dataframe tbody tr th {\n",
       "        vertical-align: top;\n",
       "    }\n",
       "\n",
       "    .dataframe thead th {\n",
       "        text-align: right;\n",
       "    }\n",
       "</style>\n",
       "<table border=\"1\" class=\"dataframe\">\n",
       "  <thead>\n",
       "    <tr style=\"text-align: right;\">\n",
       "      <th></th>\n",
       "      <th>mean log return</th>\n",
       "      <th>log return volatility</th>\n",
       "    </tr>\n",
       "  </thead>\n",
       "  <tbody>\n",
       "    <tr>\n",
       "      <th>AAPL</th>\n",
       "      <td>-0.000062</td>\n",
       "      <td>0.019379</td>\n",
       "    </tr>\n",
       "    <tr>\n",
       "      <th>BAC</th>\n",
       "      <td>-0.000595</td>\n",
       "      <td>0.018809</td>\n",
       "    </tr>\n",
       "    <tr>\n",
       "      <th>BP</th>\n",
       "      <td>0.000337</td>\n",
       "      <td>0.021788</td>\n",
       "    </tr>\n",
       "    <tr>\n",
       "      <th>C</th>\n",
       "      <td>-0.001711</td>\n",
       "      <td>0.022617</td>\n",
       "    </tr>\n",
       "    <tr>\n",
       "      <th>COF</th>\n",
       "      <td>-0.002252</td>\n",
       "      <td>0.023731</td>\n",
       "    </tr>\n",
       "    <tr>\n",
       "      <th>COST</th>\n",
       "      <td>-0.000420</td>\n",
       "      <td>0.016741</td>\n",
       "    </tr>\n",
       "    <tr>\n",
       "      <th>F</th>\n",
       "      <td>-0.000012</td>\n",
       "      <td>0.031534</td>\n",
       "    </tr>\n",
       "    <tr>\n",
       "      <th>GM</th>\n",
       "      <td>-0.000013</td>\n",
       "      <td>0.026525</td>\n",
       "    </tr>\n",
       "    <tr>\n",
       "      <th>HMC</th>\n",
       "      <td>-0.001818</td>\n",
       "      <td>0.017484</td>\n",
       "    </tr>\n",
       "    <tr>\n",
       "      <th>JPM</th>\n",
       "      <td>-0.001248</td>\n",
       "      <td>0.016668</td>\n",
       "    </tr>\n",
       "    <tr>\n",
       "      <th>LMT</th>\n",
       "      <td>-0.001726</td>\n",
       "      <td>0.012830</td>\n",
       "    </tr>\n",
       "    <tr>\n",
       "      <th>META</th>\n",
       "      <td>-0.002620</td>\n",
       "      <td>0.031955</td>\n",
       "    </tr>\n",
       "    <tr>\n",
       "      <th>MSFT</th>\n",
       "      <td>-0.001688</td>\n",
       "      <td>0.018506</td>\n",
       "    </tr>\n",
       "    <tr>\n",
       "      <th>OXY</th>\n",
       "      <td>0.000295</td>\n",
       "      <td>0.030790</td>\n",
       "    </tr>\n",
       "    <tr>\n",
       "      <th>RACE</th>\n",
       "      <td>-0.000250</td>\n",
       "      <td>0.017428</td>\n",
       "    </tr>\n",
       "    <tr>\n",
       "      <th>TGT</th>\n",
       "      <td>0.000755</td>\n",
       "      <td>0.021632</td>\n",
       "    </tr>\n",
       "    <tr>\n",
       "      <th>TSLA</th>\n",
       "      <td>0.002453</td>\n",
       "      <td>0.030840</td>\n",
       "    </tr>\n",
       "    <tr>\n",
       "      <th>TTM</th>\n",
       "      <td>-0.001294</td>\n",
       "      <td>0.022689</td>\n",
       "    </tr>\n",
       "    <tr>\n",
       "      <th>TWTR</th>\n",
       "      <td>0.002173</td>\n",
       "      <td>0.027503</td>\n",
       "    </tr>\n",
       "    <tr>\n",
       "      <th>XOM</th>\n",
       "      <td>0.000110</td>\n",
       "      <td>0.021212</td>\n",
       "    </tr>\n",
       "  </tbody>\n",
       "</table>\n",
       "</div>"
      ],
      "text/plain": [
       "      mean log return  log return volatility\n",
       "AAPL        -0.000062               0.019379\n",
       "BAC         -0.000595               0.018809\n",
       "BP           0.000337               0.021788\n",
       "C           -0.001711               0.022617\n",
       "COF         -0.002252               0.023731\n",
       "COST        -0.000420               0.016741\n",
       "F           -0.000012               0.031534\n",
       "GM          -0.000013               0.026525\n",
       "HMC         -0.001818               0.017484\n",
       "JPM         -0.001248               0.016668\n",
       "LMT         -0.001726               0.012830\n",
       "META        -0.002620               0.031955\n",
       "MSFT        -0.001688               0.018506\n",
       "OXY          0.000295               0.030790\n",
       "RACE        -0.000250               0.017428\n",
       "TGT          0.000755               0.021632\n",
       "TSLA         0.002453               0.030840\n",
       "TTM         -0.001294               0.022689\n",
       "TWTR         0.002173               0.027503\n",
       "XOM          0.000110               0.021212"
      ]
     },
     "execution_count": 6,
     "metadata": {},
     "output_type": "execute_result"
    }
   ],
   "source": [
    "# calculate mean return of each stock\n",
    "mean_ret = log_ret.mean()\n",
    "# calcuate volatility of each stock\n",
    "volatility = log_ret.std()\n",
    "\n",
    "stock_matrix = pd.DataFrame({'mean log return':mean_ret,\n",
    "                             'log return volatility':volatility})\n",
    "\n",
    "stock_matrix"
   ]
  },
  {
   "cell_type": "code",
   "execution_count": 8,
   "id": "95f9007f",
   "metadata": {
    "scrolled": false
   },
   "outputs": [
    {
     "data": {
      "text/plain": [
       "Text(0.5, 1.0, 'Trending of the selected stock')"
      ]
     },
     "execution_count": 8,
